麻布衫 1 0 4 4 1 2 2 石矿 5
硬皮鞋 1 0 6 7 1 2 5 石矿 20
藤护腿 1 0 10 13 1 2 4 石矿50
复合靴 1 0 16 24 1 2 5 石矿 80 铁矿 20
罗马环甲 1 0 22 40 1 2 2 石矿 220 铁矿 80
重型锁甲 1 0 30 66 1 2 2 石矿 220 铁矿 120
兽皮护腿 1 0 42 118 1 2 4 石矿 220 铁矿 120 铜矿 50
黑铁头盔 1 0 55 194 1 2 1 石矿 220 铁矿 300 铜矿 130
龙骑兵长靴 1 0 70 308 1 2 5 石矿 220 铁矿 730 铜矿 230
禁卫军护手 1 0 95 561 1 2 3 石矿 220 铁矿 730 铜矿 330
山岭巨人胫甲 1 0 140 1372 1 2 4 石矿 220 铁矿 730 铜矿 250 银矿 80
霜语者法袍 1 0 170 2125 1 2 2 石矿 220 铁矿 730 铜矿 250 银矿 160
龙吼臂甲 1 0 230 4370 1 2 3 石矿 220 铁矿 730 铜矿 250 银矿 220
战争领主拳套 1 0 275 6875 1 2 3 石矿 220 铁矿 730 铜矿 250 银矿 220 金矿 50
炎龙统帅战靴 1 0 400 17200 1 2 5 石矿 220 铁矿 730 铜矿 250 银矿 220 金矿 150
圣光先知护腿 1 0 475 29925 1 2 4 石矿 220 铁矿 730 铜矿 250 银矿 220 金矿 300
众神之父冠冕 1 0 600 54000 1 2 1 石矿 220 铁矿 730 铜矿 250 银矿 330 金矿 160
凤翅紫金冠 1 0 1000 100000 1 2 1 石矿 1000 铁矿 1000 铜矿 1000 银矿 1000 金矿 1000
锁子黄金甲 1 0 1000 100000 1 2 2 石矿 1000 铁矿 1000 铜矿 1000 银矿 1000 金矿 1000
藕丝步云履 1 0 1000 100000 1 2 5 石矿 1000 铁矿 1000 铜矿 1000 银矿 1000 金矿 1000