破草帽 1 0 2 2 1 2 1
脏布衣 1 0 2 2 1 2 2
学徒布帽 1 0 4 4 1 2 1
硬皮甲 1 0 6 7 1 2 2
骨片护腕 1 0 12 16 1 2 3
铁环胫甲 1 0 14 20 1 2 4
骑兵盔 1 0 18 29 1 2 1
罗马臂铠 1 0 22 40 1 2 3
角斗士凉鞋 1 0 26 52 1 2 5
锁链靴 1 0 30 66 1 2 5
十字军头盔 1 0 38 99 1 2 1
兽皮护臂 1 0 42 118 1 2 3
秘银护腿 1 0 60 228 1 2 4
精钢战盔 1 0 65 266 1 2 1
猛虎胸甲 1 0 75 353 1 2 2
审判者面具 1 0 90 504 1 2 1
元帅战靴 1 0 100 620 1 2 5
山岭巨人头盔 1 0 140 1372 1 2 1
熔岩护手 1 0 160 1856 1 2 3
圣殿骑士圣铠 1 0 200 3040 1 2 2
龙吼头盔 1 0 230 4370 1 2 1
雷霆领主战盔 1 0 450 25200 1 2 1
圣光先知头环 1 0 475 29925 1 2 1
虚空行者面具 1 0 500 35000 1 2 1
神话时代圣铠 1 0 550 44000 1 2 2