破损的短剑 1 0 5 25 1 1
生锈的柴刀 1 0 10 60 1 1
粗制木弓 1 0 15 105 1 1
钝头铁锤 1 0 20 160 1 1
简易长矛 1 0 25 225 1 1
石制匕首 1 0 30 300 1 1
短木棍 1 0 35 385 1 1
铁制匕首 1 0 40 480 1 1
猎弓 1 0 45 585 1 1
伐木斧 1 0 50 700 1 1
手斧 1 0 55 825 1 1
训练用木剑 1 0 60 960 1 1
短柄镰刀 1 0 65 1105 1 1
硬木杖 1 0 70 1260 1 1
轻便短弓 1 0 75 1425 1 1
钢制短剑 1 0 80 1600 1 1
工匠锤 1 0 85 1785 1 1
铁头木棒 1 0 90 1980 1 1
硬头锤 1 0 95 2185 1 1
短弓 1 0 105 2625 1 1
罗马短剑 1 0 120 3600 1 1
环首刀 1 0 135 4725 1 1
手斧 1 0 150 6000 1 1
飞刀囊 1 0 165 7425 1 1
弯刀 1 0 180 9000 1 1
钢剑 1 0 200 12000 1 1
长矛 1 0 220 15400 1 1
阔剑 1 0 240 19200 1 1
十字弩 1 0 260 23400 1 1
骑士长剑 1 0 285 29925 1 1
流星锤 1 0 310 37200 1 1
钩镰枪 1 0 335 45225 1 1
吴钩 1 0 360 54000 1 1
柳叶刀 1 0 385 63525 1 1
苗刀 1 0 410 73800 1 1
梅花镖 1 0 435 84825 1 1
链枷 1 0 460 96600 1 1
马刀 1 0 485 10912 1 1
战戟 1 0 510 12240 1 1
双截棍 1 0 535 13622 1 1
飞石索 1 0 560 15050 1 1
铜锤 1 0 585 16522 1 1
波斯弯刀 1 0 610 18040 1 1
维京战斧 1 0 635 19612 1 1
红缨枪 1 0 665 22100 1 1
诸葛连弩 1 0 695 24662 1 1
虎头刀 1 0 725 27290 1 1
狼牙棒 1 0 755 29982 1 1
金刚杵 1 0 785 32740 1 1
月牙铲 1 0 815 35562 1 1
亮银枪 1 0 845 38450 1 1
八棱锤 1 0 875 41402 1 1
混铁棍 1 0 905 44420 1 1
鱼肠剑 1 0 940 48840 1 1
干将剑 1 0 975 53362 1 1
莫邪剑 1 0 1010 57990 1 1
越王剑 1 0 1045 62722 1 1
龙泉剑 1 0 1080 67560 1 1
工布剑 1 0 1115 72502 1 1
泰阿剑 1 0 1150 77550 1 1
龙渊剑 1 0 1185 82702 1 1
纯钧剑 1 0 1220 87960 1 1
画影剑 1 0 1255 93322 1 1
赤霄剑 1 0 1290 98790 1 1
青冥剑 1 0 1325 10436 1 1
紫电剑 1 0 1360 11004 1 1
辟邪剑 1 0 1395 11582 1 1
淑女剑 1 0 1430 12171 1 1
君子剑 1 0 1465 12770 1 1
碧血剑 1 0 1500 13380 1 1
湛卢剑 1 0 1540 14168 1 1
金蛇剑 1 0 1580 14974 1 1
离别钩 1 0 1620 15798 1 1
霸王鞭 1 0 1660 16640 1 1
长生剑 1 0 1700 17500 1 1
多情环 1 0 1740 18378 1 1
碧玉刀 1 0 1780 19274 1 1
龙凤环 1 0 1820 20188 1 1
绣花针 1 0 1860 21120 1 1
霸王枪 1 0 1900 22070 1 1
沥泉枪 1 0 1945 23161 1 1
丈八蛇矛 1 0 1990 24301 1 1
方天画戟 1 0 2035 25489 1 1
青龙偃月刀 1 0 2080 26726 1 1
倚天剑 1 0 2125 28011 1 1
屠龙刀 1 0 2170 29345 1 1
青釭剑 1 0 2215 30727 1 1
七星剑 1 0 2260 32158 1 1
玄铁重剑 1 0 2310 34041 1 1
秋水剑 1 0 2360 36028 1 1
流光刀 1 0 2410 38119 1 1
破军枪 1 0 2460 40314 1 1
惊鸿剑 1 0 2510 42613 1 1
游龙剑 1 0 2560 45016 1 1
霸刀 1 0 2610 47523 1 1
镇妖剑 1 0 2660 50134 1 1
伏魔杖 1 0 2710 52849 1 1
火焰剑 1 0 2760 55668 1 1
冰霜剑 1 0 2810 58591 1 1
圣光锤 1 0 2860 61618 1 1
暗影匕首 1 0 2910 64749 1 1
龙牙剑 1 0 2960 67984 1 1
凤凰弓 1 0 3010 71323 1 1
麒麟枪 1 0 3060 74766 1 1
雌雄双股剑 1 0 3115 78552 1 1
白骨鞭 1 0 3170 82560 1 1
孔雀翎 1 0 3225 86815 1 1
小李飞刀 1 0 3280 91294 1 1
擂鼓瓮金锤 1 0 3335 96003 1 1
凤翅镏金镋 1 0 3390 100944 1 1
禹王槊 1 0 3445 106116 1 1
毕燕挝 1 0 3500 111650 1 1
炼妖壶 1 0 3600 118800 1 1
昊天塔 1 0 3700 127650 1 1
伏羲琴 1 0 3800 137180 1 1
神农鼎 1 0 3900 147510 1 1
崆峒印 1 0 4000 158400 1 1
昆仑镜 1 0 4100 170130 1 1
女娲石 1 0 4200 182700 1 1
射日弓 1 0 4300 196110 1 1
裁决之杖 1 0 4400 210540 1 1
永恒之枪 1 0 4500 225750 1 1
胜利之剑 1 0 4600 241960 1 1
星辰法杖 1 0 4700 259070 1 1
风暴之锤 1 0 4800 277440 1 1
大地之斧 1 0 4900 296940 1 1
烈焰之拳 1 0 5000 317750 1 1
寒冰之爪 1 0 5100 339660 1 1
雷霆之杖 1 0 5200 363220 1 1
圣光之翼 1 0 5300 388320 1 1
暗影之牙 1 0 5400 415260 1 1
虚空之镰 1 0 5500 443850 1 1
混沌权杖 1 0 5600 474320 1 1
盘古斧 1 0 5800 539640 1 1
轩辕剑 1 0 6000 630000 1 1