破草帽 1 0 2 2 1 2 1
脏布衣 1 0 2 2 1 2 2
破布手套 1 0 2 2 1 2 3
旧绑腿 1 0 2 2 1 2 4
烂草鞋 1 0 2 2 1 2 5
学徒布帽 1 0 4 4 1 2 1
麻布衫 1 0 4 4 1 2 2
麻布手套 1 0 4 4 1 2 3
麻布裤 1 0 4 4 1 2 4
布鞋 1 0 4 4 1 2 5
皮帽 1 0 6 7 1 2 1
硬皮甲 1 0 6 7 1 2 2
硬皮手套 1 0 6 7 1 2 3
皮护膝 1 0 6 7 1 2 4
硬皮鞋 1 0 6 7 1 2 5
毡帽 1 0 8 10 1 2 1
镶皮甲 1 0 8 10 1 2 2
镶皮护手 1 0 8 10 1 2 3
镶皮护胫 1 0 8 10 1 2 4
镶皮短靴 1 0 8 10 1 2 5
藤编帽 1 0 10 13 1 2 1
藤甲 1 0 10 13 1 2 2
藤编护腕 1 0 10 13 1 2 3
藤护腿 1 0 10 13 1 2 4
藤鞋 1 0 10 13 1 2 5
骨片帽 1 0 12 16 1 2 1
骨片甲 1 0 12 16 1 2 2
骨片护腕 1 0 12 16 1 2 3
骨片护胫 1 0 12 16 1 2 4
骨履 1 0 12 16 1 2 5
薄铁盔 1 0 14 20 1 2 1
铁环甲 1 0 14 20 1 2 2
铁环手甲 1 0 14 20 1 2 3
铁环胫甲 1 0 14 20 1 2 4
铁环靴 1 0 14 20 1 2 5
复合帽 1 0 16 24 1 2 1
复合皮甲 1 0 16 24 1 2 2
复合护手 1 0 16 24 1 2 3
复合护腿 1 0 16 24 1 2 4
复合靴 1 0 16 24 1 2 5
骑兵盔 1 0 18 29 1 2 1
骑兵轻甲 1 0 18 29 1 2 2
骑兵手套 1 0 18 29 1 2 3
骑兵马裤 1 0 18 29 1 2 4
骑兵靴 1 0 18 29 1 2 5
百夫长盔 1 0 22 40 1 2 1
罗马环甲 1 0 22 40 1 2 2
罗马臂铠 1 0 22 40 1 2 3
罗马胫甲 1 0 22 40 1 2 4
罗马军靴 1 0 22 40 1 2 5
角斗士头盔 1 0 26 52 1 2 1
角斗士胸甲 1 0 26 52 1 2 2
角斗士臂甲 1 0 26 52 1 2 3
角斗士护腿 1 0 26 52 1 2 4
角斗士凉鞋 1 0 26 52 1 2 5
锁子盔 1 0 30 66 1 2 1
重型锁甲 1 0 30 66 1 2 2
锁链手套 1 0 30 66 1 2 3
锁子护腿 1 0 30 66 1 2 4
锁链靴 1 0 30 66 1 2 5
板链盔 1 0 34 82 1 2 1
板链甲 1 0 34 82 1 2 2
板链护手 1 0 34 82 1 2 3
板链腿甲 1 0 34 82 1 2 4
板链战靴 1 0 34 82 1 2 5
十字军头盔 1 0 38 99 1 2 1
十字军板甲 1 0 38 99 1 2 2
十字军铁手套 1 0 38 99 1 2 3
十字军护胫 1 0 38 99 1 2 4
十字军马靴 1 0 38 99 1 2 5
牛角盔 1 0 42 118 1 2 1
兽皮重甲 1 0 42 118 1 2 2
兽皮护臂 1 0 42 118 1 2 3
兽皮护腿 1 0 42 118 1 2 4
兽皮长靴 1 0 42 118 1 2 5
飞羽盔 1 0 46 139 1 2 1
羽饰胸甲 1 0 46 139 1 2 2
羽饰护腕 1 0 46 139 1 2 3
羽饰胫甲 1 0 46 139 1 2 4
羽饰战靴 1 0 46 139 1 2 5
巨魔皮帽 1 0 50 162 1 2 1
巨魔皮甲 1 0 50 162 1 2 2
巨魔皮手甲 1 0 50 162 1 2 3
巨魔皮护腿 1 0 50 162 1 2 4
巨魔皮靴 1 0 50 162 1 2 5
黑铁头盔 1 0 55 194 1 2 1
黑铁板甲 1 0 55 194 1 2 2
黑铁手甲 1 0 55 194 1 2 3
黑铁腿甲 1 0 55 194 1 2 4
黑铁重靴 1 0 55 194 1 2 5
秘银头环 1 0 60 228 1 2 1
秘银链甲 1 0 60 228 1 2 2
秘银手套 1 0 60 228 1 2 3
秘银护腿 1 0 60 228 1 2 4
秘银靴 1 0 60 228 1 2 5
精钢战盔 1 0 65 266 1 2 1
精钢全身甲 1 0 65 266 1 2 2
精钢臂铠 1 0 65 266 1 2 3
精钢护胫 1 0 65 266 1 2 4
精钢战靴 1 0 65 266 1 2 5
龙骑兵盔 1 0 70 308 1 2 1
龙骑兵胸铠 1 0 70 308 1 2 2
龙骑兵手套 1 0 70 308 1 2 3
龙骑兵马裤铠 1 0 70 308 1 2 4
龙骑兵长靴 1 0 70 308 1 2 5
猛虎头盔 1 0 75 353 1 2 1
猛虎胸甲 1 0 75 353 1 2 2
猛虎护手 1 0 75 353 1 2 3
猛虎腿甲 1 0 75 353 1 2 4
猛虎之足 1 0 75 353 1 2 5
猎鹰头盔 1 0 80 400 1 2 1
猎鹰轻甲 1 0 80 400 1 2 2
猎鹰手套 1 0 80 400 1 2 3
猎鹰护腿 1 0 80 400 1 2 4
猎鹰靴 1 0 80 400 1 2 5
重装骑士盔 1 0 85 451 1 2 1
骑士板金甲 1 0 85 451 1 2 2
骑士铁手套 1 0 85 451 1 2 3
骑士马铠 1 0 85 451 1 2 4
骑士铁骑靴 1 0 85 451 1 2 5
审判者面具 1 0 90 504 1 2 1
审判者黑袍 1 0 90 504 1 2 2
审判者手甲 1 0 90 504 1 2 3
审判者腿甲 1 0 90 504 1 2 4
审判者之靴 1 0 90 504 1 2 5
禁卫军头盔 1 0 95 561 1 2 1
禁卫军铠甲 1 0 95 561 1 2 2
禁卫军护手 1 0 95 561 1 2 3
禁卫军胫甲 1 0 95 561 1 2 4
禁卫军军靴 1 0 95 561 1 2 5
元帅战盔 1 0 100 620 1 2 1
元帅战甲 1 0 100 620 1 2 2
元帅护手 1 0 100 620 1 2 3
元帅腿铠 1 0 100 620 1 2 4
元帅战靴 1 0 100 620 1 2 5
先锋军盔 1 0 110 781 1 2 1
先锋军甲 1 0 110 781 1 2 2
先锋军手甲 1 0 110 781 1 2 3
先锋军胫铠 1 0 110 781 1 2 4
先锋军靴 1 0 110 781 1 2 5
冠军头盔 1 0 120 960 1 2 1
冠军铠甲 1 0 120 960 1 2 2
冠军护臂 1 0 120 960 1 2 3
冠军护胫 1 0 120 960 1 2 4
冠军之靴 1 0 120 960 1 2 5
要塞头盔 1 0 130 1157 1 2 1
要塞重甲 1 0 130 1157 1 2 2
要塞臂铠 1 0 130 1157 1 2 3
要塞腿铠 1 0 130 1157 1 2 4
要塞铁靴 1 0 130 1157 1 2 5
山岭巨人头盔 1 0 140 1372 1 2 1
山岭巨人板甲 1 0 140 1372 1 2 2
山岭巨人之握 1 0 140 1372 1 2 3
山岭巨人胫甲 1 0 140 1372 1 2 4
山岭巨人之足 1 0 140 1372 1 2 5
深海头盔 1 0 150 1605 1 2 1
深海鳞甲 1 0 150 1605 1 2 2
深海护手 1 0 150 1605 1 2 3
深海腿甲 1 0 150 1605 1 2 4
深海战靴 1 0 150 1605 1 2 5
熔岩观察者头盔 1 0 160 1856 1 2 1
熔火胸铠 1 0 160 1856 1 2 2
熔岩护手 1 0 160 1856 1 2 3
熔岩胫甲 1 0 160 1856 1 2 4
熔火行者 1 0 160 1856 1 2 5
霜语者头冠 1 0 170 2125 1 2 1
霜语者法袍 1 0 170 2125 1 2 2
霜语者手套 1 0 170 2125 1 2 3
霜语者护腿 1 0 170 2125 1 2 4
霜语者便鞋 1 0 170 2125 1 2 5
风行者兜帽 1 0 180 2412 1 2 1
风行者皮甲 1 0 180 2412 1 2 2
风行者手套 1 0 180 2412 1 2 3
风行者护腿 1 0 180 2412 1 2 4
风行者长靴 1 0 180 2412 1 2 5
大地守护者头盔 1 0 190 2717 1 2 1
大地守护者板甲 1 0 190 2717 1 2 2
大地守护者护手 1 0 190 2717 1 2 3
大地守护者腿甲 1 0 190 2717 1 2 4
大地守护者重靴 1 0 190 2717 1 2 5
圣殿骑士头盔 1 0 200 3040 1 2 1
圣殿骑士圣铠 1 0 200 3040 1 2 2
圣殿骑士手甲 1 0 200 3040 1 2 3
圣殿骑士腿铠 1 0 200 3040 1 2 4
圣殿骑士铁靴 1 0 200 3040 1 2 5
暗影大师兜帽 1 0 215 3658 1 2 1
暗影大师罩袍 1 0 215 3658 1 2 2
暗影大师手套 1 0 215 3658 1 2 3
暗影大师护腿 1 0 215 3658 1 2 4
暗影大师软靴 1 0 215 3658 1 2 5
龙吼头盔 1 0 230 4370 1 2 1
龙吼战甲 1 0 230 4370 1 2 2
龙吼臂甲 1 0 230 4370 1 2 3
龙吼腿铠 1 0 230 4370 1 2 4
龙吼战靴 1 0 230 4370 1 2 5
太阳祭司头冠 1 0 245 5145 1 2 1
太阳祭司长袍 1 0 245 5145 1 2 2
太阳祭司手套 1 0 245 5145 1 2 3
太阳祭司护腿 1 0 245 5145 1 2 4
太阳祭司凉鞋 1 0 245 5145 1 2 5
月神祭司头饰 1 0 260 5980 1 2 1
月神祭司纱衣 1 0 260 5980 1 2 2
月神祭司护手 1 0 260 5980 1 2 3
月神祭司裙甲 1 0 260 5980 1 2 4
月神祭司步履 1 0 260 5980 1 2 5
战争领主战盔 1 0 275 6875 1 2 1
战争领主重铠 1 0 275 6875 1 2 2
战争领主拳套 1 0 275 6875 1 2 3
战争领主腿甲 1 0 275 6875 1 2 4
战争领主胫靴 1 0 275 6875 1 2 5
铁壁头盔 1 0 290 7830 1 2 1
铁壁城墙甲 1 0 290 7830 1 2 2
铁壁护手 1 0 290 7830 1 2 3
铁壁护胫 1 0 290 7830 1 2 4
铁壁战靴 1 0 290 7830 1 2 5
神射手帽 1 0 305 8845 1 2 1
神射手皮甲 1 0 305 8845 1 2 2
神射手手套 1 0 305 8845 1 2 3
神射手皮裤 1 0 305 8845 1 2 4
神射手长靴 1 0 305 8845 1 2 5
元素使者头带 1 0 320 9920 1 2 1
元素使者法衣 1 0 320 9920 1 2 2
元素使者手套 1 0 320 9920 1 2 3
元素使者护腿 1 0 320 9920 1 2 4
元素使者便靴 1 0 320 9920 1 2 5
复仇者面具 1 0 340 11560 1 2 1
复仇者链甲 1 0 340 11560 1 2 2
复仇者手甲 1 0 340 11560 1 2 3
复仇者腿铠 1 0 340 11560 1 2 4
复仇者铁靴 1 0 340 11560 1 2 5
天界先锋头盔 1 0 360 13320 1 2 1
天界先锋铠甲 1 0 360 13320 1 2 2
天界先锋护手 1 0 360 13320 1 2 3
天界先锋胫甲 1 0 360 13320 1 2 4
天界先锋战靴 1 0 360 13320 1 2 5
深渊监视者兜帽 1 0 380 15200 1 2 1
深渊监视者板甲 1 0 380 15200 1 2 2
深渊监视者臂甲 1 0 380 15200 1 2 3
深渊监视者腿甲 1 0 380 15200 1 2 4
深渊监视者重靴 1 0 380 15200 1 2 5
炎龙统帅头盔 1 0 400 17200 1 2 1
炎龙统帅重铠 1 0 400 17200 1 2 2
炎龙统帅手铠 1 0 400 17200 1 2 3
炎龙统帅腿铠 1 0 400 17200 1 2 4
炎龙统帅战靴 1 0 400 17200 1 2 5
冰封王冠 1 0 425 20825 1 2 1
极寒战甲 1 0 425 20825 1 2 2
冰封护手 1 0 425 20825 1 2 3
极寒腿铠 1 0 425 20825 1 2 4
永冻之靴 1 0 425 20825 1 2 5
雷霆领主战盔 1 0 450 25200 1 2 1
雷霆领主胸铠 1 0 450 25200 1 2 2
雷霆领主臂铠 1 0 450 25200 1 2 3
雷霆领主护胫 1 0 450 25200 1 2 4
雷霆领主足铠 1 0 450 25200 1 2 5
圣光先知头环 1 0 475 29925 1 2 1
圣光先知圣袍 1 0 475 29925 1 2 2
圣光先知手套 1 0 475 29925 1 2 3
圣光先知护腿 1 0 475 29925 1 2 4
圣光先知步履 1 0 475 29925 1 2 5
虚空行者面具 1 0 500 35000 1 2 1
虚空行者裹布 1 0 500 35000 1 2 2
虚空行者裹手 1 0 500 35000 1 2 3
虚空行者裹腿 1 0 500 35000 1 2 4
虚空行者裹足 1 0 500 35000 1 2 5
神话时代战盔 1 0 550 44000 1 2 1
神话时代圣铠 1 0 550 44000 1 2 2
神话时代手甲 1 0 550 44000 1 2 3
神话时代腿铠 1 0 550 44000 1 2 4
神话时代圣履 1 0 550 44000 1 2 5
众神之父冠冕 1 0 600 54000 1 2 1
众神之父胸铠 1 0 600 54000 1 2 2
众神之父臂铠 1 0 600 54000 1 2 3
众神之父胫甲 1 0 600 54000 1 2 4
众神之父战靴 1 0 600 54000 1 2 5
起源之冠 1 0 700 77000 1 2 1
起源圣装 1 0 700 77000 1 2 2
起源之手 1 0 700 77000 1 2 3
起源之护腿 1 0 700 77000 1 2 4
起源之履 1 0 700 77000 1 2 5